uuid: bf12237a-03ec-4023-89e8-4cb13fe236d4
timestamps:
  login: 1543784342632
  logout: 1543784426622
ipAddress: 84.39.245.222
geolocation: Russian Federation
logoutlocation:
  world: Universe
  x: -2.13398954440131
  y: 60.0
  z: -2.6999999880790715
  yaw: 41.850014
  pitch: 29.099998
