uuid: a805510b-117d-40a1-8a9e-59a9426bc517
timestamps:
  login: 1544384854199
  logout: 1544385166715
ipAddress: 188.25.10.247
geolocation: Romania
logoutlocation:
  world: Universe
  x: -1241.645065633969
  y: 63.0
  z: 1199.8269752029314
  yaw: -180.60016
  pitch: 11.850008
