uuid: 767f564b-d7d4-47f8-9627-9ce6e3c3b7ac
timestamps:
  login: 1545527726007
  logout: 1545527989985
ipAddress: 73.240.82.86
geolocation: United States
logoutlocation:
  world: Universe
  x: -1275.1981903993544
  y: 73.0
  z: 1091.0228115118623
  yaw: 154.95097
  pitch: 73.04995
