uuid: 43443f6a-27ba-4aa3-b02a-e87e8d2b2f40
timestamps:
  login: 1544229465151
  logout: 1544230370990
ipAddress: 24.144.247.47
geolocation: United States
logoutlocation:
  world: Universe
  x: -1262.4635790030266
  y: 66.0
  z: 2505.4292737998326
  yaw: -70.64972
  pitch: 13.2000265
