geolocation: Portugal
uuid: cd37089d-0990-4d13-a252-c364ba0fee6a
timestamps:
  login: 1545838315446
  lastteleport: 1545842663434
  logout: 1545842942998
ipAddress: 188.250.28.161
lastlocation:
  world: Universe
  x: -281.1094653351715
  y: 100.82736114253936
  z: -125.52192626711356
  yaw: 198.14395
  pitch: 52.200127
money: '318.25'
homes:
  home:
    world: Universe
    x: -281.40876787879625
    y: 58.0
    z: -140.54134833574008
    yaw: 182.99435
    pitch: 81.300095
  test:
    world: Universe
    x: -276.1352132153276
    y: 58.0
    z: -139.65765633782823
    yaw: 351.59796
    pitch: 18.450062
  ender:
    world: DIM1
    x: 9.062535439664352
    y: 66.0
    z: -22.299838142349078
    yaw: 215.3396
    pitch: 28.35002
  desert:
    world: Universe
    x: 206.02929075826643
    y: 74.0
    z: 1612.2420488742139
    yaw: -167.93689
    pitch: 28.462212
logoutlocation:
  world: Universe
  x: -278.5105348907343
  y: 54.0
  z: -138.60334938360387
  yaw: 13.817993
  pitch: 5.3677735
