geolocation: Germany
uuid: f3c64c8b-4f05-47e2-ba16-b73e4cdc8b86
timestamps:
  login: 1544291434283
  logout: 1544291832766
ipAddress: 91.61.25.102
logoutlocation:
  world: Universe
  x: -1684.1407204210002
  y: 63.0
  z: 799.9250000119209
  yaw: 198.75119
  pitch: 20.099993
