geolocation: United States
uuid: 64a68563-d76b-4c2f-88cd-1570474b0219
timestamps:
  login: 1553806299200
  logout: 1553806453784
ipAddress: 24.51.185.250
logoutlocation:
  world: world
  x: 9.699999988079071
  y: 67.0
  z: -0.8668248120228863
  yaw: 0.0
  pitch: 0.0
