uuid: 5683bc7d-33d7-4b82-a339-7d4c172d0b3b
timestamps:
  login: 1547666405686
  logout: 1547666462857
ipAddress: 213.127.36.167
geolocation: Netherlands
logoutlocation:
  world: Universe
  x: -1289.3659922074362
  y: 69.0
  z: 1088.1761074177593
  yaw: 268.50052
  pitch: 7.4999576
