uuid: 41119dcc-4259-4f96-84ca-4db696bdc27c
timestamps:
  login: 1547846773459
  logout: 1547846903151
ipAddress: 91.66.245.14
geolocation: Germany
logoutlocation:
  world: Universe
  x: -1243.8755910786022
  y: 64.0
  z: 1051.6028923555689
  yaw: -126.15036
  pitch: 23.70002
