uuid: e9893eaa-6432-447d-97d4-e61369479971
timestamps:
  login: 1544573510649
  logout: 1544576026321
  lastteleport: 1544575466374
  kits:
    dtools: 1543893666463
    tools: 1543894495671
ipAddress: 75.129.254.61
logoutlocation:
  world: Universe
  x: -803.4993061202235
  y: 237.0
  z: 1118.7699197350014
  yaw: -3.901123
  pitch: 2.5500038
lastlocation:
  world: Universe
  x: -818.7802981490597
  y: 236.0
  z: 1097.8153808702614
  yaw: -83.10742
  pitch: -36.449924
geolocation: United States
afk: false
money: '4.0'
homes:
  home:
    world: Universe
    x: -470.5
    y: 78.0
    z: -369.5
    yaw: -25.799255
    pitch: 12.300061
  load:
    world: Universe
    x: -485.08560574100943
    y: 84.0
    z: -440.5043135037602
    yaw: -271.94934
    pitch: 5.250038
  ship:
    world: solarSystem
    x: -40813.10309210974
    y: 122.5
    z: 31097.689129458595
    yaw: -95.01965
    pitch: 9.300031
  homename:
    world: Universe
    x: -789.5602479957548
    y: 237.0
    z: 1122.5855627928909
    yaw: -87.24365
    pitch: 7.8000045
  test:
    world: Universe
    x: -282.99137194543215
    y: 67.0
    z: -138.69999998807907
    yaw: -130.6511
    pitch: 32.85003
