geolocation: United States
uuid: e4fb9f8c-ec9f-472b-8631-045ae7bab106
timestamps:
  login: 1544379643878
  logout: 1544381575928
ipAddress: 76.115.237.234
logoutlocation:
  world: Universe
  x: -3194.9815532115904
  y: 78.0
  z: 740.319652464932
  yaw: 88.6521
  pitch: 5.850059
