uuid: 803399c5-ac4d-4775-a769-24ea5dd73ad0
timestamps:
  login: 1543988736636
  logout: 1543989057917
ipAddress: 212.149.239.22
geolocation: Finland
logoutlocation:
  world: Universe
  x: -1286.1848184601008
  y: 71.0
  z: 1077.7158646793598
  yaw: 170.2497
  pitch: 8.400014
