uuid: 169afb9d-ec46-4384-b0b0-b35a46af4887
timestamps:
  login: 1546279137894
  logout: 1546279714683
ipAddress: 90.140.228.41
geolocation: Lithuania
logoutlocation:
  world: Universe
  x: -1421.2274646283142
  y: 60.947354633122835
  z: 1130.300000011921
  yaw: 87.21399
  pitch: 60.774704
