geolocation: Japan
uuid: 4cca41d5-40db-4af5-87e7-ad3810fc2f8e
timestamps:
  login: 1545477018672
  logout: 1545477205745
ipAddress: 60.150.156.239
logoutlocation:
  world: Universe
  x: -1364.2748963062813
  y: 66.0
  z: 1032.1651803119075
  yaw: 310.65115
  pitch: 19.500134
