geolocation: Canada
uuid: 4f2c88bb-c92a-4e71-8aca-a2e6bf38bbb5
timestamps:
  login: 1543874801063
  logout: 1543874853761
ipAddress: 68.151.144.128
lastlocation:
  world: Universe
  x: -1291.5
  y: 69.0
  z: 1089.5
  yaw: 0.0
  pitch: 0.0
logoutlocation:
  world: Universe
  x: -1284.488006068404
  y: 71.0
  z: 1080.6287840849127
  yaw: -269.7927
  pitch: 13.625335
