geolocation: United States
uuid: e9893eaa-6432-447d-97d4-e61369479971
timestamps:
  login: 1554231498318
  lastteleport: 1554231647371
  logout: 1554231661841
ipAddress: 75.129.254.61
lastlocation:
  world: Universe
  x: -1300.8822314805116
  y: 65.0
  z: 1062.7925207836308
  yaw: 4.8001776
  pitch: -10.050003
logoutlocation:
  world: Universe
  x: -1287.1391394599839
  y: 71.5
  z: 1079.2842657627325
  yaw: -12.449982
  pitch: -3.9000072
