uuid: e9893eaa-6432-447d-97d4-e61369479971
timestamps:
  login: 1553756254526
  logout: 1553756553763
  lastteleport: 1553749152747
  kits:
    tools: 1553609866933
ipAddress: 75.129.254.61
afk: false
logoutlocation:
  world: advRocketry/DIM1001
  x: -18.246110201440388
  y: 77.64371640980823
  z: 5.292995048905895
  yaw: -73.71808
  pitch: 10.65001
lastlocation:
  world: advRocketry/DIM1001
  x: 0.5
  y: 67.83059758426687
  z: 0.5
  yaw: -18.218079
  pitch: 11.100009
money: '298.0'
homes:
  home:
    world: advRocketry/DIM1001
    x: 0.5
    y: 100.0
    z: 0.5
    yaw: 92.1821
    pitch: 8.64869
geolocation: United States
