uuid: e9893eaa-6432-447d-97d4-e61369479971
timestamps:
  login: 1553489323571
  logout: 1553489235896
  lastteleport: 1553486834645
  kits:
    tools: 1553485179216
ipAddress: 75.129.254.61
afk: false
logoutlocation:
  world: advRocketry/DIM1002
  x: 1007.4069005479464
  y: 66.27193418308252
  z: 2339.990366702331
  yaw: 73.200745
  pitch: 19.799898
lastlocation:
  world: advRocketry/DIM1001
  x: 218.9859824938724
  y: 81.70036319818587
  z: -25.709377032469746
  yaw: -229.95117
  pitch: 26.399904
money: '298.0'
