uuid: e9893eaa-6432-447d-97d4-e61369479971
timestamps:
  login: 1553857534062
  logout: 1553858053071
  lastteleport: 1553857807604
ipAddress: 75.129.254.61
lastlocation:
  world: world
  x: 552.0815358449415
  y: 70.0
  z: 62.23048617838254
  yaw: -5.8516846
  pitch: 1.5000048
money: '298.0'
logoutlocation:
  world: world
  x: 865.220596462825
  y: 98.0
  z: 165.5933131816269
  yaw: -67.48706
  pitch: 7.952334
