uuid: e9893eaa-6432-447d-97d4-e61369479971
timestamps:
  login: 1553393389513
  logout: 1553393635732
  lastteleport: 1553393566434
ipAddress: 75.129.254.61
afk: false
logoutlocation:
  world: advRocketry/DIM1001
  x: 8.419346515019233
  y: 63.860981682151625
  z: -60.30000001192092
  yaw: -337.64926
  pitch: -26.249998
lastlocation:
  world: world
  x: 0.5
  y: 68.87109274243981
  z: 0.5
  yaw: -183.74919
  pitch: 12.750001
money: '298.0'
