uuid: e9893eaa-6432-447d-97d4-e61369479971
timestamps:
  login: 1554068932051
  logout: 1554071102604
  lastteleport: 1553926941194
  kits:
    tools: 1553862694588
ipAddress: 75.129.254.61
lastlocation:
  world: world
  x: 127.76386814096489
  y: 71.0
  z: -36.067493111262365
  yaw: -213.59973
  pitch: -3.000014
money: '298.0'
logoutlocation:
  world: world
  x: 146.30000001192093
  y: 27.0
  z: 228.69999998807907
  yaw: -73.35073
  pitch: 20.099892
homes:
  mining:
    world: world
    x: 146.34940240701255
    y: 27.0
    z: 228.30000001192093
    yaw: -74.25073
    pitch: 20.099892
afk: false
