uuid: e9893eaa-6432-447d-97d4-e61369479971
timestamps:
  login: 1553568707163
  logout: 1553568167820
  lastteleport: 1553497571415
  kits:
    tools: 1553485179216
ipAddress: 75.129.254.61
afk: false
logoutlocation:
  world: advRocketry/DIM1001
  x: -431.69999998807907
  y: 66.0
  z: -110.69999998807909
  yaw: -196.46191
  pitch: -8.557595
lastlocation:
  world: advRocketry/DIM1001
  x: -0.8216631227686501
  y: 45.0
  z: -10.699999988079071
  yaw: -1.8019354
  pitch: -1.9499437
money: '298.0'
