uuid: e9893eaa-6432-447d-97d4-e61369479971
timestamps:
  login: 1553835853261
  logout: 1553836129561
  lastteleport: 1553836048718
  kits:
    tools: 1553781421820
ipAddress: 75.129.254.61
afk: false
logoutlocation:
  world: world
  x: -51.028041802087515
  y: 43.857615932217456
  z: -9.744945380133414
  yaw: -4.195628
  pitch: 12.29999
lastlocation:
  world: DIM-20
  x: -1499.2836248933581
  y: 129.08734522528366
  z: -1536.434957328246
  yaw: -272.08032
  pitch: 0.9000013
money: '298.0'
homes:
  home:
    world: advRocketry/DIM1001
    x: 0.5
    y: 100.0
    z: 0.5
    yaw: 92.1821
    pitch: 8.64869
geolocation: United States
