uuid: e9893eaa-6432-447d-97d4-e61369479971
timestamps:
  login: 1553852559985
  logout: 1553852610233
  lastteleport: 1553852336534
  kits:
    tools: 1553852326322
ipAddress: 75.129.254.61
afk: false
logoutlocation:
  world: world
  x: -51.15207934570551
  y: 42.0
  z: -10.623018399137417
  yaw: -358.19965
  pitch: -2.2499967
lastlocation:
  world: world
  x: -52.13324628794335
  y: 42.0
  z: -10.104516037100229
  yaw: -183.00018
  pitch: 5.4000177
money: '298.0'
homes:
  home:
    world: advRocketry/DIM1001
    x: 0.5
    y: 100.0
    z: 0.5
    yaw: 92.1821
    pitch: 8.64869
geolocation: United States
