uuid: e9893eaa-6432-447d-97d4-e61369479971
timestamps:
  login: 1553388971941
  logout: 1553389022642
ipAddress: 75.129.254.61
afk: false
logoutlocation:
  world: advRocketry/DIM1003
  x: 16.0
  y: 69.0
  z: 521.0
  yaw: 174.59993
  pitch: 7.7999916
