uuid: e9893eaa-6432-447d-97d4-e61369479971
timestamps:
  login: 1553862660180
  logout: 1553862726268
  lastteleport: 1553860600318
  kits:
    tools: 1553862694588
ipAddress: 75.129.254.61
lastlocation:
  world: world
  x: 120.12854351660525
  y: 68.0
  z: -18.595187233853004
  yaw: -74.55
  pitch: 31.34999
money: '298.0'
logoutlocation:
  world: world
  x: 29.314822731307636
  y: 70.0
  z: -95.78189635810404
  yaw: -223.35043
  pitch: 19.799978
