uuid: e9893eaa-6432-447d-97d4-e61369479971
timestamps:
  login: 1553524892139
  logout: 1553525030334
  lastteleport: 1553497571415
  kits:
    tools: 1553485179216
ipAddress: 75.129.254.61
afk: false
logoutlocation:
  world: advRocketry/DIM1001
  x: -458.69999998807907
  y: 69.0
  z: -51.653774755047785
  yaw: -0.2828064
  pitch: 11.100078
lastlocation:
  world: advRocketry/DIM1001
  x: -0.8216631227686501
  y: 45.0
  z: -10.699999988079071
  yaw: -1.8019354
  pitch: -1.9499437
money: '298.0'
