uuid: e9893eaa-6432-447d-97d4-e61369479971
timestamps:
  login: 1553614163296
  logout: 1553613147635
  lastteleport: 1553613501765
  kits:
    tools: 1553609866933
ipAddress: 75.129.254.61
afk: false
logoutlocation:
  world: advRocketry/DIM1007
  x: 0.0
  y: 80.0
  z: 0.0
  yaw: -187.05
  pitch: 13.200001
lastlocation:
  world: advRocketry/DIM1003
  x: 8.5
  y: 64.01999998092649
  z: 8.5
  yaw: -180.0
  pitch: 0.0
money: '298.0'
homes:
  home:
    world: advRocketry/DIM1001
    x: 0.5
    y: 100.0
    z: 0.5
    yaw: 92.1821
    pitch: 8.64869
