uuid: e9893eaa-6432-447d-97d4-e61369479971
timestamps:
  login: 1553609646169
  logout: 1553609955612
  lastteleport: 1553609822690
  kits:
    tools: 1553609866933
ipAddress: 75.129.254.61
afk: false
logoutlocation:
  world: advRocketry/DIM1001
  x: -5.990185163871561
  y: 66.0
  z: -4.43021334649081
  yaw: -40.61621
  pitch: -6.299973
lastlocation:
  world: advRocketry/DIM1001
  x: 18.055564525980053
  y: 71.95444740329134
  z: 1.323693383709667
  yaw: -206.61682
  pitch: -6.299978
money: '298.0'
homes:
  home:
    world: advRocketry/DIM1001
    x: 0.5
    y: 100.0
    z: 0.5
    yaw: 92.1821
    pitch: 8.64869
