geolocation: United States
uuid: e9893eaa-6432-447d-97d4-e61369479971
timestamps:
  login: 1554744169799
  lastteleport: 1554744208644
  logout: 1554744266623
ipAddress: 75.129.254.61
lastlocation:
  world: world
  x: -1286.5
  y: 71.0
  z: 1079.5
  yaw: 0.0
  pitch: 0.0
logoutlocation:
  world: world
  x: -1286.5093556572683
  y: 71.0
  z: 1076.832214010339
  yaw: -1.9500002
  pitch: -3.1499965
