geolocation: United States
uuid: e9893eaa-6432-447d-97d4-e61369479971
timestamps:
  login: 1553357465945
  logout: 1553355979901
  lastteleport: 1553355898950
  kits:
    tools: 1552961473962
ipAddress: 75.129.254.61
lastlocation:
  world: advRocketry/DIM1002
  x: 0.0
  y: 71.9375
  z: 27.0
  yaw: -182.37892
  pitch: 0.7498665
logoutlocation:
  world: advRocketry/DIM1004
  x: 66.69999998807907
  y: 96.0
  z: 257.04172935340824
  yaw: -93.150055
  pitch: 3.7499874
afk: false
money: '293.0'
homes:
  space:
    world: DIM-20
    x: -1535.7620753454812
    y: 132.7626641372024
    z: -1537.800000011921
    yaw: 10.220766
    pitch: 36.59991
  bridge:
    world: DIM-20
    x: -1470.4682951145455
    y: 128.0
    z: -1535.8202404510434
    yaw: -91.60849
    pitch: -3.2997675
godmode: false
