uuid: e9893eaa-6432-447d-97d4-e61369479971
timestamps:
  login: 1553858321376
  logout: 1553858593611
  lastteleport: 1553857807604
ipAddress: 75.129.254.61
lastlocation:
  world: world
  x: 881.7067558125648
  y: 98.0
  z: 161.4045051075362
  yaw: -11.536957
  pitch: 11.852335
money: '298.0'
logoutlocation:
  world: world
  x: 96.80242497213469
  y: 68.0
  z: 52.864762384016544
  yaw: -228.90001
  pitch: 8.099975
