uuid: e9893eaa-6432-447d-97d4-e61369479971
timestamps:
  login: 1553569862166
  logout: 1553568167820
  lastteleport: 1553573457870
  kits:
    tools: 1553573526128
ipAddress: 75.129.254.61
afk: false
logoutlocation:
  world: advRocketry/DIM1001
  x: -431.69999998807907
  y: 66.0
  z: -110.69999998807909
  yaw: -196.46191
  pitch: -8.557595
lastlocation:
  world: advRocketry/DIM1001
  x: -15.05151901158685
  y: 63.0
  z: -5.984340325210931
  yaw: -145.4187
  pitch: 8.699473
money: '298.0'
homes:
  home:
    world: advRocketry/DIM1001
    x: 0.5
    y: 100.0
    z: 0.5
    yaw: 92.1821
    pitch: 8.64869
