uuid: e9893eaa-6432-447d-97d4-e61369479971
timestamps:
  login: 1553855671656
  logout: 1553855749253
ipAddress: 75.129.254.61
lastlocation:
  world: world
  x: -104.5
  y: 55.943999862670694
  z: 80.5
  yaw: 0.0
  pitch: 0.0
money: '298.0'
logoutlocation:
  world: world
  x: -306.8112835710829
  y: 65.54999996719067
  z: 1109.7602368317566
  yaw: -214.65027
  pitch: 31.350067
