uuid: e9893eaa-6432-447d-97d4-e61369479971
timestamps:
  login: 1553851676976
  logout: 1553851408229
  lastteleport: 1553851407696
  kits:
    tools: 1553844246315
ipAddress: 75.129.254.61
afk: false
logoutlocation:
  world: world
  x: -50.96510603900458
  y: 38.0
  z: -11.681690128927706
  yaw: -178.49991
  pitch: 6.1500278
lastlocation:
  world: world
  x: -51.28926481434172
  y: 46.0
  z: -19.300000011920925
  yaw: -14.4236145
  pitch: 58.799984
money: '298.0'
homes:
  home:
    world: advRocketry/DIM1001
    x: 0.5
    y: 100.0
    z: 0.5
    yaw: 92.1821
    pitch: 8.64869
geolocation: United States
