uuid: e9893eaa-6432-447d-97d4-e61369479971
timestamps:
  login: 1553841516592
  logout: 1553841506444
  lastteleport: 1553841009404
  kits:
    tools: 1553781421820
ipAddress: 75.129.254.61
afk: false
logoutlocation:
  world: world
  x: -51.78126815708079
  y: 42.0
  z: -4.453081791503409
  yaw: -6.1454773
  pitch: 6.5999956
lastlocation:
  world: world
  x: -50.5
  y: 66.0
  z: -3.5
  yaw: 0.0
  pitch: 0.0
money: '298.0'
homes:
  home:
    world: advRocketry/DIM1001
    x: 0.5
    y: 100.0
    z: 0.5
    yaw: 92.1821
    pitch: 8.64869
geolocation: United States
