uuid: e9893eaa-6432-447d-97d4-e61369479971
timestamps:
  login: 1553493605300
  logout: 1553493772412
  lastteleport: 1553490157739
  kits:
    tools: 1553485179216
ipAddress: 75.129.254.61
afk: false
logoutlocation:
  world: advRocketry/DIM1003
  x: 510.9281124528276
  y: 72.0
  z: -3.791781852099839
  yaw: 25.348877
  pitch: -2.8500445
lastlocation:
  world: advRocketry/DIM1001
  x: 2.0541036479507366
  y: 66.0
  z: 5.419865419926497
  yaw: -202.5008
  pitch: -18.45001
money: '298.0'
