uuid: e9893eaa-6432-447d-97d4-e61369479971
timestamps:
  login: 1553492858208
  logout: 1553493175253
  lastteleport: 1553490157739
  kits:
    tools: 1553485179216
ipAddress: 75.129.254.61
afk: false
logoutlocation:
  world: advRocketry/DIM1001
  x: 1300.9207067630432
  y: 63.0
  z: -161.4496997777014
  yaw: -63.00049
  pitch: 17.250006
lastlocation:
  world: advRocketry/DIM1001
  x: 2.0541036479507366
  y: 66.0
  z: 5.419865419926497
  yaw: -202.5008
  pitch: -18.45001
money: '298.0'
