uuid: e9893eaa-6432-447d-97d4-e61369479971
timestamps:
  login: 1553832274170
  logout: 1553832360158
  lastteleport: 1553827079785
  kits:
    tools: 1553781421820
ipAddress: 75.129.254.61
afk: false
logoutlocation:
  world: world
  x: -96.67029415498924
  y: 70.0
  z: 145.38936434772455
  yaw: -3.7494507
  pitch: 7.950026
lastlocation:
  world: advRocketry/DIM1001
  x: -2.265927192867336
  y: 66.0
  z: 0.37079836262646115
  yaw: -87.21808
  pitch: 4.0500016
money: '298.0'
homes:
  home:
    world: advRocketry/DIM1001
    x: 0.5
    y: 100.0
    z: 0.5
    yaw: 92.1821
    pitch: 8.64869
geolocation: United States
