uuid: e9893eaa-6432-447d-97d4-e61369479971
timestamps:
  login: 1553398977218
  logout: 1553397553047
  lastteleport: 1553399023749
ipAddress: 75.129.254.61
afk: false
logoutlocation:
  world: DIM-20
  x: -1536.466207565307
  y: 132.0
  z: -1536.257982390458
  yaw: -240.0008
  pitch: 30.449873
lastlocation:
  world: DIM-20
  x: 0.5
  y: 44.61555215999999
  z: 0.5
  yaw: -336.44992
  pitch: -74.85004
money: '298.0'
