uuid: e9893eaa-6432-447d-97d4-e61369479971
timestamps:
  login: 1553831675753
  logout: 1553828626915
  lastteleport: 1553827079785
  kits:
    tools: 1553781421820
ipAddress: 75.129.254.61
afk: false
logoutlocation:
  world: world
  x: -0.5
  y: 72.0
  z: 6.5
  yaw: 0.0
  pitch: 0.0
lastlocation:
  world: advRocketry/DIM1001
  x: -2.265927192867336
  y: 66.0
  z: 0.37079836262646115
  yaw: -87.21808
  pitch: 4.0500016
money: '298.0'
homes:
  home:
    world: advRocketry/DIM1001
    x: 0.5
    y: 100.0
    z: 0.5
    yaw: 92.1821
    pitch: 8.64869
geolocation: United States
