geolocation: United States
uuid: e9893eaa-6432-447d-97d4-e61369479971
timestamps:
  login: 1554310784893
  lastteleport: 1554286801167
  logout: 1554302471670
ipAddress: 75.129.254.61
lastlocation:
  world: world
  x: -1265.8837724126836
  y: 108.15054243608533
  z: 1109.007321643143
  yaw: -190.94951
  pitch: 36.44998
logoutlocation:
  world: world
  x: -1287.0613057536366
  y: 71.5
  z: 1078.8936178635158
  yaw: 1.7999979
  pitch: 6.6000023
