uuid: e9893eaa-6432-447d-97d4-e61369479971
timestamps:
  login: 1553501741267
  logout: 1553503889891
  lastteleport: 1553497571415
  kits:
    tools: 1553485179216
ipAddress: 75.129.254.61
afk: false
logoutlocation:
  world: advRocketry/DIM1001
  x: -847.3000000119209
  y: 66.0
  z: -1.7979851923451686
  yaw: -257.5299
  pitch: 11.09998
lastlocation:
  world: advRocketry/DIM1001
  x: -0.8216631227686501
  y: 45.0
  z: -10.699999988079071
  yaw: -1.8019354
  pitch: -1.9499437
money: '298.0'
