uuid: e9893eaa-6432-447d-97d4-e61369479971
timestamps:
  login: 1553850316596
  logout: 1553850307307
  lastteleport: 1553845798518
  kits:
    tools: 1553844246315
ipAddress: 75.129.254.61
afk: false
logoutlocation:
  world: world
  x: -47.30000001192093
  y: 66.0
  z: -4.63353829328662
  yaw: 72.45006
  pitch: 15.900059
lastlocation:
  world: advRocketry/DIM1001
  x: 81.15716318085
  y: 69.0
  z: -149.5819321752386
  yaw: -51.538452
  pitch: 4.4168797
money: '298.0'
homes:
  home:
    world: advRocketry/DIM1001
    x: 0.5
    y: 100.0
    z: 0.5
    yaw: 92.1821
    pitch: 8.64869
geolocation: United States
