uuid: e9893eaa-6432-447d-97d4-e61369479971
timestamps:
  login: 1553592974617
  logout: 1553575093789
  lastteleport: 1553573457870
  kits:
    tools: 1553573670651
ipAddress: 75.129.254.61
afk: false
logoutlocation:
  world: advRocketry/DIM1001
  x: -0.7446176503892085
  y: 68.0
  z: -3.6999999880790706
  yaw: -105.36794
  pitch: -5.5499773
lastlocation:
  world: advRocketry/DIM1001
  x: -0.5943215127935184
  y: 67.0
  z: -3.6999999880790706
  yaw: -105.36794
  pitch: -5.5499773
money: '298.0'
homes:
  home:
    world: advRocketry/DIM1001
    x: 0.5
    y: 100.0
    z: 0.5
    yaw: 92.1821
    pitch: 8.64869
