uuid: e9893eaa-6432-447d-97d4-e61369479971
timestamps:
  login: 1553481864818
  logout: 1553482522255
  lastteleport: 1553399449060
ipAddress: 75.129.254.61
afk: false
logoutlocation:
  world: advRocketry/DIM1001
  x: -600.3660217393391
  y: 71.375
  z: 272.3767153994859
  yaw: -75.29965
  pitch: -0.90002054
lastlocation:
  world: DIM-20
  x: -518.0
  y: 72.0
  z: -92.0
  yaw: -220.6324
  pitch: -15.149991
money: '298.0'
