uuid: e9893eaa-6432-447d-97d4-e61369479971
timestamps:
  login: 1553393990258
  logout: 1553393635732
  lastteleport: 1553394258436
ipAddress: 75.129.254.61
afk: false
logoutlocation:
  world: advRocketry/DIM1001
  x: 8.419346515019233
  y: 63.860981682151625
  z: -60.30000001192092
  yaw: -337.64926
  pitch: -26.249998
lastlocation:
  world: advRocketry/DIM1001
  x: -33.5
  y: 64.0
  z: 124.5
  yaw: -288.90094
  pitch: -31.800018
money: '298.0'
