uuid: e9893eaa-6432-447d-97d4-e61369479971
timestamps:
  login: 1553505597118
  logout: 1553505658123
  lastteleport: 1553497571415
  kits:
    tools: 1553485179216
ipAddress: 75.129.254.61
afk: false
logoutlocation:
  world: advRocketry/DIM1002
  x: -585.6872336402229
  y: 96.148997729374
  z: -112.64703845325917
  yaw: -215.23273
  pitch: 4.650019
lastlocation:
  world: advRocketry/DIM1001
  x: -0.8216631227686501
  y: 45.0
  z: -10.699999988079071
  yaw: -1.8019354
  pitch: -1.9499437
money: '298.0'
