uuid: e9893eaa-6432-447d-97d4-e61369479971
timestamps:
  login: 1553860564671
  logout: 1553860621738
  lastteleport: 1553860600318
ipAddress: 75.129.254.61
lastlocation:
  world: world
  x: 120.12854351660525
  y: 68.0
  z: -18.595187233853004
  yaw: -74.55
  pitch: 31.34999
money: '298.0'
logoutlocation:
  world: world
  x: 123.68752845462778
  y: 69.0
  z: -27.008226775083415
  yaw: -77.85007
  pitch: 12.299993
