uuid: e9893eaa-6432-447d-97d4-e61369479971
timestamps:
  login: 1553561586350
  logout: 1553526239455
  lastteleport: 1553497571415
  kits:
    tools: 1553485179216
ipAddress: 75.129.254.61
afk: false
logoutlocation:
  world: advRocketry/DIM1001
  x: -451.7599148545843
  y: 69.0
  z: -42.65155673598485
  yaw: -241.48322
  pitch: -0.59992903
lastlocation:
  world: advRocketry/DIM1001
  x: -0.8216631227686501
  y: 45.0
  z: -10.699999988079071
  yaw: -1.8019354
  pitch: -1.9499437
money: '298.0'
