uuid: e9893eaa-6432-447d-97d4-e61369479971
timestamps:
  login: 1553832645817
  logout: 1553832360158
  lastteleport: 1553833967730
  kits:
    tools: 1553781421820
ipAddress: 75.129.254.61
afk: false
logoutlocation:
  world: world
  x: -96.67029415498924
  y: 70.0
  z: 145.38936434772455
  yaw: -3.7494507
  pitch: 7.950026
lastlocation:
  world: world
  x: -51.384676740566015
  y: 39.0
  z: -1.3000000119209294
  yaw: -179.8455
  pitch: 0.2999986
money: '298.0'
homes:
  home:
    world: advRocketry/DIM1001
    x: 0.5
    y: 100.0
    z: 0.5
    yaw: 92.1821
    pitch: 8.64869
geolocation: United States
