uuid: e9893eaa-6432-447d-97d4-e61369479971
timestamps:
  login: 1553840949719
  logout: 1553840538822
  lastteleport: 1553841009404
  kits:
    tools: 1553781421820
ipAddress: 75.129.254.61
afk: false
logoutlocation:
  world: world
  x: -51.30000001192093
  y: 66.0
  z: -1.305484185926618
  yaw: -183.29541
  pitch: 4.950004
lastlocation:
  world: world
  x: -51.64353221504066
  y: 67.0
  z: 0.3000000119209286
  yaw: -3.2955627
  pitch: -0.14998032
money: '298.0'
homes:
  home:
    world: advRocketry/DIM1001
    x: 0.5
    y: 100.0
    z: 0.5
    yaw: 92.1821
    pitch: 8.64869
geolocation: United States
