uuid: e9893eaa-6432-447d-97d4-e61369479971
timestamps:
  login: 1553765476718
  logout: 1553763336511
  lastteleport: 1553749152747
  kits:
    tools: 1553609866933
ipAddress: 75.129.254.61
afk: false
logoutlocation:
  world: advRocketry/DIM1001
  x: -26.77335004061872
  y: 72.0
  z: 63.74713144054218
  yaw: -243.51839
  pitch: 19.050026
lastlocation:
  world: advRocketry/DIM1001
  x: 0.5
  y: 67.83059758426687
  z: 0.5
  yaw: -18.218079
  pitch: 11.100009
money: '298.0'
homes:
  home:
    world: advRocketry/DIM1001
    x: 0.5
    y: 100.0
    z: 0.5
    yaw: 92.1821
    pitch: 8.64869
geolocation: United States
