uuid: e9893eaa-6432-447d-97d4-e61369479971
timestamps:
  login: 1553498912439
  logout: 1553499234167
  lastteleport: 1553497571415
  kits:
    tools: 1553485179216
ipAddress: 75.129.254.61
afk: false
logoutlocation:
  world: advRocketry/DIM1001
  x: 22.28112107415419
  y: 70.0
  z: 12.713858300324313
  yaw: 4.0491877
  pitch: 7.499978
lastlocation:
  world: advRocketry/DIM1001
  x: -0.8216631227686501
  y: 45.0
  z: -10.699999988079071
  yaw: -1.8019354
  pitch: -1.9499437
money: '298.0'
