uuid: e9893eaa-6432-447d-97d4-e61369479971
timestamps:
  login: 1553842935514
  logout: 1553842794032
  lastteleport: 1553844384530
  kits:
    tools: 1553844246315
ipAddress: 75.129.254.61
afk: false
logoutlocation:
  world: world
  x: -35.0
  y: 75.0
  z: -13.0
  yaw: -128.42355
  pitch: 10.350014
lastlocation:
  world: advRocketry/DIM1001
  x: -3.300000011920929
  y: 65.0
  z: 0.366924577085332
  yaw: 91.026596
  pitch: 17.549994
money: '298.0'
homes:
  home:
    world: advRocketry/DIM1001
    x: 0.5
    y: 100.0
    z: 0.5
    yaw: 92.1821
    pitch: 8.64869
geolocation: United States
