uuid: e9893eaa-6432-447d-97d4-e61369479971
timestamps:
  login: 1553399399344
  logout: 1553397553047
  lastteleport: 1553399449060
ipAddress: 75.129.254.61
afk: false
logoutlocation:
  world: DIM-20
  x: -1536.466207565307
  y: 132.0
  z: -1536.257982390458
  yaw: -240.0008
  pitch: 30.449873
lastlocation:
  world: DIM-20
  x: -518.0
  y: 72.0
  z: -92.0
  yaw: -220.6324
  pitch: -15.149991
money: '298.0'
