geolocation: United States
uuid: e9893eaa-6432-447d-97d4-e61369479971
timestamps:
  login: 1553341771481
  logout: 1553342083504
  lastteleport: 1553245978281
  kits:
    tools: 1552961473962
ipAddress: 75.129.254.61
lastlocation:
  world: world
  x: 0.5
  y: 62.0
  z: 27.5
  yaw: -182.07892
  pitch: 0.7498665
logoutlocation:
  world: DIM-20
  x: -1468.075762163434
  y: 128.25
  z: -1537.6349468294518
  yaw: -82.63266
  pitch: 26.70007
afk: false
money: '293.0'
homes:
  space:
    world: DIM-20
    x: -1535.7620753454812
    y: 132.7626641372024
    z: -1537.800000011921
    yaw: 10.220766
    pitch: 36.59991
  bridge:
    world: DIM-20
    x: -1470.4682951145455
    y: 128.0
    z: -1535.8202404510434
    yaw: -91.60849
    pitch: -3.2997675
godmode: false
