uuid: e9893eaa-6432-447d-97d4-e61369479971
timestamps:
  login: 1554201144863
  logout: 1554201636266
  lastteleport: 1554201426987
  kits:
    tools: 1554094583117
ipAddress: 75.129.254.61
lastlocation:
  world: world
  x: -3.872269439749906
  y: 73.0
  z: -1.6417883004578204
  yaw: -227.09987
  pitch: 15.150056
money: '298.0'
logoutlocation:
  world: world
  x: 109.29363917878031
  y: 67.0
  z: -19.27723985974902
  yaw: -245.99994
  pitch: 4.6500726
homes:
  mining:
    world: world
    x: 140.03159174310048
    y: 8.0
    z: 264.61121366763274
    yaw: -271.33206
    pitch: 11.099981
  home:
    world: world
    x: 144.69999998807907
    y: 63.0
    z: 217.10199224262172
    yaw: -124.20093
    pitch: -10.500024
afk: false
