uuid: e9893eaa-6432-447d-97d4-e61369479971
timestamps:
  login: 1553508036911
  logout: 1553506751372
  lastteleport: 1553497571415
  kits:
    tools: 1553485179216
ipAddress: 75.129.254.61
afk: false
logoutlocation:
  world: advRocketry/DIM1002
  x: -446.6765877334287
  y: 86.0
  z: -47.36291556515057
  yaw: -133.93216
  pitch: 18.300034
lastlocation:
  world: advRocketry/DIM1001
  x: -0.8216631227686501
  y: 45.0
  z: -10.699999988079071
  yaw: -1.8019354
  pitch: -1.9499437
money: '298.0'
