geolocation: United States
uuid: e9893eaa-6432-447d-97d4-e61369479971
timestamps:
  login: 1553347635480
  logout: 1553345982377
  lastteleport: 1553347848249
  kits:
    tools: 1552961473962
ipAddress: 75.129.254.61
lastlocation:
  world: DIM-20
  x: -330.0
  y: 67.0
  z: 320.0
  yaw: -130.19995
  pitch: -9.900007
logoutlocation:
  world: world
  x: 0.5
  y: 63.0
  z: 26.5
  yaw: -182.07892
  pitch: 0.7498665
afk: false
money: '293.0'
homes:
  space:
    world: DIM-20
    x: -1535.7620753454812
    y: 132.7626641372024
    z: -1537.800000011921
    yaw: 10.220766
    pitch: 36.59991
  bridge:
    world: DIM-20
    x: -1470.4682951145455
    y: 128.0
    z: -1535.8202404510434
    yaw: -91.60849
    pitch: -3.2997675
godmode: false
