uuid: b1269815-3ec5-3a5f-b3bf-7305a7aa7763
timestamps:
  login: 1553766911564
  logout: 1553766889381
  lastteleport: 1553749152747
  kits:
    tools: 1553609866933
ipAddress: 45.62.239.135
afk: false
logoutlocation:
  world: world
  x: 2.699999988079071
  y: 70.0
  z: 9.699999988079071
  yaw: -160.49995
  pitch: -20.249996
lastlocation:
  world: advRocketry/DIM1001
  x: 0.5
  y: 67.83059758426687
  z: 0.5
  yaw: -18.218079
  pitch: 11.100009
money: '298.0'
homes:
  home:
    world: advRocketry/DIM1001
    x: 0.5
    y: 100.0
    z: 0.5
    yaw: 92.1821
    pitch: 8.64869
geolocation: United States
