uuid: e9893eaa-6432-447d-97d4-e61369479971
timestamps:
  login: 1553491024253
  logout: 1553489235896
  lastteleport: 1553490157739
  kits:
    tools: 1553485179216
ipAddress: 75.129.254.61
afk: false
logoutlocation:
  world: advRocketry/DIM1002
  x: 1007.4069005479464
  y: 66.27193418308252
  z: 2339.990366702331
  yaw: 73.200745
  pitch: 19.799898
lastlocation:
  world: advRocketry/DIM1001
  x: 2.0541036479507366
  y: 66.0
  z: 5.419865419926497
  yaw: -202.5008
  pitch: -18.45001
money: '298.0'
