uuid: e9893eaa-6432-447d-97d4-e61369479971
timestamps:
  login: 1553827161645
  logout: 1553827150595
  lastteleport: 1553827079785
  kits:
    tools: 1553781421820
ipAddress: 75.129.254.61
afk: false
logoutlocation:
  world: advRocketry/DIM1001
  x: 15.580972050598618
  y: 74.0
  z: -25.561452171052935
  yaw: -79.04979
  pitch: 7.049998
lastlocation:
  world: advRocketry/DIM1001
  x: -2.265927192867336
  y: 66.0
  z: 0.37079836262646115
  yaw: -87.21808
  pitch: 4.0500016
money: '298.0'
homes:
  home:
    world: advRocketry/DIM1001
    x: 0.5
    y: 100.0
    z: 0.5
    yaw: 92.1821
    pitch: 8.64869
geolocation: United States
