uuid: e9893eaa-6432-447d-97d4-e61369479971
timestamps:
  login: 1553854691489
  logout: 1553855083209
ipAddress: 75.129.254.61
lastlocation:
  world: world
  x: -104.5
  y: 55.943999862670694
  z: 80.5
  yaw: 0.0
  pitch: 0.0
money: '298.0'
logoutlocation:
  world: world
  x: -106.68876251656705
  y: 68.0
  z: 170.66764947661417
  yaw: -76.199615
  pitch: -12.74999
