uuid: e9893eaa-6432-447d-97d4-e61369479971
timestamps:
  login: 1554213311397
  logout: 1554214669021
  lastteleport: 1554214092037
  kits:
    tools: 1554214213318
ipAddress: 75.129.254.61
lastlocation:
  world: world
  x: 107.32691258411428
  y: 67.0
  z: -16.884714812664637
  yaw: -347.39996
  pitch: -10.649927
money: '296.0'
logoutlocation:
  world: world
  x: -57.528376939863136
  y: 74.0
  z: 91.47756330740114
  yaw: -354.90125
  pitch: 32.700043
homes:
  mining:
    world: world
    x: 140.03159174310048
    y: 8.0
    z: 264.61121366763274
    yaw: -271.33206
    pitch: 11.099981
  home:
    world: world
    x: 144.69999998807907
    y: 63.0
    z: 217.10199224262172
    yaw: -124.20093
    pitch: -10.500024
afk: false
