uuid: b1269815-3ec5-3a5f-b3bf-7305a7aa7763
timestamps:
  login: 1553617467673
  logout: 1553617484574
  lastteleport: 1553613501765
  kits:
    tools: 1553609866933
ipAddress: 75.129.254.61
afk: false
logoutlocation:
  world: world
  x: 3.5007769148860257
  y: 71.0
  z: 8.72648108537727
  yaw: -136.64998
  pitch: -1.6499962
lastlocation:
  world: advRocketry/DIM1003
  x: 8.5
  y: 64.01999998092649
  z: 8.5
  yaw: -180.0
  pitch: 0.0
money: '298.0'
homes:
  home:
    world: advRocketry/DIM1001
    x: 0.5
    y: 100.0
    z: 0.5
    yaw: 92.1821
    pitch: 8.64869
geolocation: United States
