uuid: e9893eaa-6432-447d-97d4-e61369479971
timestamps:
  login: 1553774543456
  logout: 1553774717082
  lastteleport: 1553770652293
  kits:
    tools: 1553609866933
ipAddress: 75.129.254.61
afk: false
logoutlocation:
  world: advRocketry/DIM1001
  x: -15.779108591960696
  y: 57.0
  z: 0.3775020400955372
  yaw: -268.26764
  pitch: 21.599966
lastlocation:
  world: advRocketry/DIM1001
  x: 0.5451249402075327
  y: 66.0
  z: 0.6542652265058939
  yaw: -73.85693
  pitch: 48.000046
money: '298.0'
homes:
  home:
    world: advRocketry/DIM1001
    x: 0.5
    y: 100.0
    z: 0.5
    yaw: 92.1821
    pitch: 8.64869
geolocation: United States
