uuid: e9893eaa-6432-447d-97d4-e61369479971
timestamps:
  login: 1554094421532
  logout: 1554096382360
  lastteleport: 1554096218441
  kits:
    tools: 1554094583117
ipAddress: 75.129.254.61
lastlocation:
  world: world
  x: 140.69999998807907
  y: 8.0
  z: 264.3463500896224
  yaw: -288.43204
  pitch: 17.399979
money: '298.0'
logoutlocation:
  world: world
  x: 142.3185583925821
  y: 63.0
  z: 203.91064222669107
  yaw: 248.09949
  pitch: 26.54997
homes:
  mining:
    world: world
    x: 140.03159174310048
    y: 8.0
    z: 264.61121366763274
    yaw: -271.33206
    pitch: 11.099981
  home:
    world: world
    x: 144.69999998807907
    y: 63.0
    z: 217.10199224262172
    yaw: -124.20093
    pitch: -10.500024
afk: false
