uuid: e9893eaa-6432-447d-97d4-e61369479971
timestamps:
  login: 1553841285232
  logout: 1553841270955
  lastteleport: 1553841009404
  kits:
    tools: 1553781421820
ipAddress: 75.129.254.61
afk: false
logoutlocation:
  world: world
  x: -51.5
  y: 38.0
  z: -1.5
  yaw: -179.69551
  pitch: 0.1499986
lastlocation:
  world: world
  x: -54.5
  y: 67.0
  z: 5.5
  yaw: 0.0
  pitch: 0.0
money: '298.0'
homes:
  home:
    world: advRocketry/DIM1001
    x: 0.5
    y: 100.0
    z: 0.5
    yaw: 92.1821
    pitch: 8.64869
geolocation: United States
