uuid: e9893eaa-6432-447d-97d4-e61369479971
timestamps:
  login: 1553628112685
  logout: 1553628165277
  lastteleport: 1553613501765
  kits:
    tools: 1553609866933
ipAddress: 75.129.254.61
afk: false
logoutlocation:
  world: advRocketry/DIM1007
  x: -7.46487921096703
  y: 81.0
  z: 4.155369168253398
  yaw: -18.89978
  pitch: 9.300004
lastlocation:
  world: advRocketry/DIM1003
  x: 8.5
  y: 64.01999998092649
  z: 8.5
  yaw: -180.0
  pitch: 0.0
money: '298.0'
homes:
  home:
    world: advRocketry/DIM1001
    x: 0.5
    y: 100.0
    z: 0.5
    yaw: 92.1821
    pitch: 8.64869
geolocation: United States
