geolocation: Belgium
uuid: 42dee4d3-2915-483c-b49c-8df5d0cd99c1
timestamps:
  login: 1546640457258
  logout: 1546641717658
ipAddress: 91.179.174.110
logoutlocation:
  world: Universe
  x: -1008.0782305724016
  y: 69.0
  z: 1290.1456634662457
  yaw: -182.99957
  pitch: 5.9999776
