geolocation: United States
uuid: 660d31b1-e5ab-4ced-a186-8ed48239f4d7
timestamps:
  login: 1547595374160
  logout: 1547595456891
ipAddress: 71.194.189.186
logoutlocation:
  world: Universe
  x: -1286.20573743782
  y: 69.0
  z: 1104.978643488687
  yaw: -176.24998
  pitch: -8.400001
