geolocation: Korea, Republic of
uuid: d9f382e2-6402-423a-b7ec-8ba2213ab7dd
timestamps:
  login: 1544706351338
  logout: 1544706529380
ipAddress: 175.213.242.124
logoutlocation:
  world: Universe
  x: -1348.2022284132659
  y: 70.20000000298023
  z: 1064.4947137369797
  yaw: -276.44888
  pitch: 5.5499277
