geolocation: New Zealand
uuid: 36a173f8-3ead-4dff-b461-09713740c011
timestamps:
  login: 1544852348805
  logout: 1544852379880
ipAddress: 203.173.140.117
logoutlocation:
  world: Universe
  x: -1293.236362643035
  y: 69.0
  z: 1073.7584690984988
  yaw: -68.1
  pitch: 5.6999993
