spawns: 
  default: 
    world: world
    x: -51.52256426574617
    y: 38.0
    z: -6.604241518033672
    yaw: 0.6000251
    pitch: 7.9500275
