spawns: 
  default: 
    world: world
    x: 120.26353603970897
    y: 68.0
    z: -17.20039161771955
    yaw: -74.55
    pitch: 31.34999
