spawns: 
  default: 
    world: world
    x: 0.5
    y: 63.20000004768372
    z: 27.5
    yaw: -182.07892
    pitch: 0.7498665
