spawns: 
  default: 
    world: advRocketry/DIM1001
    x: 16.0
    y: 64.0
    z: 523.9947667533052
    yaw: -180.0
    pitch: 0.0
  stranger: 
    world: advRocketry/DIM1001
    x: 16.0
    y: 64.0
    z: 521.0
    yaw: -180.0
    pitch: 0.0
  citizen: 
    world: advRocketry/DIM1001
    x: 16.0
    y: 64.0
    z: 523.9947667533052
    yaw: -180.0
    pitch: 0.0
