spawns: 
  default: 
    world: world
    x: -51.55772375886302
    y: 39.200000047683716
    z: -1.3000000119209292
    yaw: -182.72359
    pitch: 11.5499935
