world: advRocketry/DIM1001
x: 2.5
y: 66.0
z: -0.5
yaw: -138.75034
pitch: -17.250042
name: Alpha
