world: world
x: 0.5
y: 62.0
z: 27.5
yaw: -182.07892
pitch: 0.7498665
name: Earth
