world: advRocketry/DIM1001
x: -447.18023573565847
y: 70.81477754563957
z: -44.25211863278269
yaw: -234.43268
pitch: 3.1500857
name: Mining
