world: DIM-20
x: -1536.2355993241829
y: 128.0
z: -1536.0528027705604
yaw: -1.929205
pitch: -3.6000438
name: Space
