world: advRocketry/DIM1001
x: 2.995754480676826
y: 66.0
z: -0.8976464328108985
yaw: -138.75034
pitch: -17.250042
name: Spawn
