world: advRocketry/DIM1001
x: 0.5
y: 69.0
z: 0.5
yaw: -77.91795
pitch: 5.700008
name: Spawn
